## Router simulation
## this router has N=3 ports
Ports 50
## each line represents the queue for a single input port
## each number represents the destination of the packet
4 1 2 2 2 1 1 1 1 3 3 3 3 3 3 3 3 3 3 3 3 3 3 3 3 3 3 3 3 3 3 3 3 3 3 3 3 3 3 3 3 3 3 3 3 2 2 1 1 1 1 1 2 3 1 2 3 1
1 1 2 2 2 1 1 1 1 1 2 3 1 2 3 1 2 3 1 2 3 3 3 3 3 3 1 1 1 1 1 1 1 1 1 1 1 2 2 2 2 2 2 2 2 4 4 4 4 4
1 2 3 3 2 1 3 2 1 3 3 3 3 3 3 3 1 1 1 1 1 2 2 2 2 2 2 3 3 3 3 2 2 2 2 2 2 1 1 1 1 1 1 1 1
1 2 2 1 1 1 1 1 1 1 1 3 4 4 4 4 4 4 4 4 4 4 4 4 4 4
2 6 7 8 9 4 4 6 7 49 49 49 49 49 49 49 49 4 45 45 45 45 10 10 10 10 10 11 11
4 1 2 2 2 1 1 1 1 3 3 3 3 3 3 3 3 3 3 3 3 3 3 3 3 3 3 3 3 3 3 3 3 3 3 3 3 3 3 3 3 3 3 3 3 2 2 1 1 1 1 1 2 3 1 2 3 1
1 1 2 2 2 1 1 1 1 1 2 3 1 2 3 1 2 3 1 2 3 3 3 3 3 3 1 1 1 1 1 1 1 1 1 1 1 2 2 2 2 2 2 2 2 4 4 4 4 4
1 2 3 3 2 1 3 2 1 3 3 3 3 3 3 3 1 1 1 1 1 2 2 2 2 2 2 3 3 3 3 2 2 2 2 2 2 1 1 1 1 1 1 1 1
1 2 2 1 1 1 1 1 1 1 1 3 4 4 4 4 4 4 4 4 4 4 4 4 4 4
2 6 7 8 9 4 4 6 7 49 49 49 49 49 49 49 49 4 45 45 45 45 10 10 10 10 10 11 11
4 1 2 2 2 1 1 1 1 3 3 3 3 3 3 3 3 3 3 3 3 3 3 3 3 3 3 3 3 3 3 3 3 3 3 3 3 3 3 3 3 3 3 3 3 2 2 1 1 1 1 1 2 3 1 2 3 1
1 1 2 2 2 1 1 1 1 1 2 3 1 2 3 1 2 3 1 2 3 3 3 3 3 3 1 1 1 1 1 1 1 1 1 1 1 2 2 2 2 2 2 2 2 4 4 4 4 4
1 2 3 3 2 1 3 2 1 3 3 3 3 3 3 3 1 1 1 1 1 2 2 2 2 2 2 3 3 3 3 2 2 2 2 2 2 1 1 1 1 1 1 1 1
1 2 2 1 1 1 1 1 1 1 1 3 4 4 4 4 4 4 4 4 4 4 4 4 4 4
2 6 7 8 9 4 4 6 7 49 49 49 49 49 49 49 49 4 45 45 45 45 10 10 10 10 10 11 11
4 1 2 2 2 1 1 1 1 3 3 3 3 3 3 3 3 3 3 3 3 3 3 3 3 3 3 3 3 3 3 3 3 3 3 3 3 3 3 3 3 3 3 3 3 2 2 1 1 1 1 1 2 3 1 2 3 1
1 1 2 2 2 1 1 1 1 1 2 3 1 2 3 1 2 3 1 2 3 3 3 3 3 3 1 1 1 1 1 1 1 1 1 1 1 2 2 2 2 2 2 2 2 4 4 4 4 4
1 2 3 3 2 1 3 2 1 3 3 3 3 3 3 3 1 1 1 1 1 2 2 2 2 2 2 3 3 3 3 2 2 2 2 2 2 1 1 1 1 1 1 1 1
1 2 2 1 1 1 1 1 1 1 1 3 4 4 4 4 4 4 4 4 4 4 4 4 4 4
2 6 7 8 9 4 4 6 7 49 49 49 49 49 49 49 49 4 45 45 45 45 10 10 10 10 10 11 11
4 1 2 2 2 1 1 1 1 3 3 3 3 3 3 3 3 3 3 3 3 3 3 3 3 3 3 3 3 3 3 3 3 3 3 3 3 3 3 3 3 3 3 3 3 2 2 1 1 1 1 1 2 3 1 2 3 1
1 1 2 2 2 1 1 1 1 1 2 3 1 2 3 1 2 3 1 2 3 3 3 3 3 3 1 1 1 1 1 1 1 1 1 1 1 2 2 2 2 2 2 2 2 4 4 4 4 4
1 2 3 3 2 1 3 2 1 3 3 3 3 3 3 3 1 1 1 1 1 2 2 2 2 2 2 3 3 3 3 2 2 2 2 2 2 1 1 1 1 1 1 1 1
1 2 2 1 1 1 1 1 1 1 1 3 4 4 4 4 4 4 4 4 4 4 4 4 4 4
2 6 7 8 9 4 4 6 7 49 49 49 49 49 49 49 49 4 45 45 45 45 10 10 10 10 10 11 11
4 1 2 2 2 1 1 1 1 3 3 3 3 3 3 3 3 3 3 3 3 3 3 3 3 3 3 3 3 3 3 3 3 3 3 3 3 3 3 3 3 3 3 3 3 2 2 1 1 1 1 1 2 3 1 2 3 1
1 1 2 2 2 1 1 1 1 1 2 3 1 2 3 1 2 3 1 2 3 3 3 3 3 3 1 1 1 1 1 1 1 1 1 1 1 2 2 2 2 2 2 2 2 4 4 4 4 4
1 2 3 3 2 1 3 2 1 3 3 3 3 3 3 3 1 1 1 1 1 2 2 2 2 2 2 3 3 3 3 2 2 2 2 2 2 1 1 1 1 1 1 1 1
1 2 2 1 1 1 1 1 1 1 1 3 4 4 4 4 4 4 4 4 4 4 4 4 4 4
2 6 7 8 9 4 4 6 7 49 49 49 49 49 49 49 49 4 45 45 45 45 10 10 10 10 10 11 11
4 1 2 2 2 1 1 1 1 3 3 3 3 3 3 3 3 3 3 3 3 3 3 3 3 3 3 3 3 3 3 3 3 3 3 3 3 3 3 3 3 3 3 3 3 2 2 1 1 1 1 1 2 3 1 2 3 1
1 1 2 2 2 1 1 1 1 1 2 3 1 2 3 1 2 3 1 2 3 3 3 3 3 3 1 1 1 1 1 1 1 1 1 1 1 2 2 2 2 2 2 2 2 4 4 4 4 4
1 2 3 3 2 1 3 2 1 3 3 3 3 3 3 3 1 1 1 1 1 2 2 2 2 2 2 3 3 3 3 2 2 2 2 2 2 1 1 1 1 1 1 1 1
1 2 2 1 1 1 1 1 1 1 1 3 4 4 4 4 4 4 4 4 4 4 4 4 4 4
2 6 7 8 9 4 4 6 7 49 49 49 49 49 49 49 49 4 45 45 45 45 10 10 10 10 10 11 11
4 1 2 2 2 1 1 1 1 3 3 3 3 3 3 3 3 3 3 3 3 3 3 3 3 3 3 3 3 3 3 3 3 3 3 3 3 3 3 3 3 3 3 3 3 2 2 1 1 1 1 1 2 3 1 2 3 1
1 1 2 2 2 1 1 1 1 1 2 3 1 2 3 1 2 3 1 2 3 3 3 3 3 3 1 1 1 1 1 1 1 1 1 1 1 2 2 2 2 2 2 2 2 4 4 4 4 4
1 2 3 3 2 1 3 2 1 3 3 3 3 3 3 3 1 1 1 1 1 2 2 2 2 2 2 3 3 3 3 2 2 2 2 2 2 1 1 1 1 1 1 1 1
1 2 2 1 1 1 1 1 1 1 1 3 4 4 4 4 4 4 4 4 4 4 4 4 4 4
2 6 7 8 9 4 4 6 7 49 49 49 49 49 49 49 49 4 45 45 45 45 10 10 10 10 10 11 11
4 1 2 2 2 1 1 1 1 3 3 3 3 3 3 3 3 3 3 3 3 3 3 3 3 3 3 3 3 3 3 3 3 3 3 3 3 3 3 3 3 3 3 3 3 2 2 1 1 1 1 1 2 3 1 2 3 1
1 1 2 2 2 1 1 1 1 1 2 3 1 2 3 1 2 3 1 2 3 3 3 3 3 3 1 1 1 1 1 1 1 1 1 1 1 2 2 2 2 2 2 2 2 4 4 4 4 4
1 2 3 3 2 1 3 2 1 3 3 3 3 3 3 3 1 1 1 1 1 2 2 2 2 2 2 3 3 3 3 2 2 2 2 2 2 1 1 1 1 1 1 1 1
1 2 2 1 1 1 1 1 1 1 1 3 4 4 4 4 4 4 4 4 4 4 4 4 4 4
2 6 7 8 9 4 4 6 7 49 49 49 49 49 49 49 49 4 45 45 45 45 10 10 10 10 10 11 11
4 1 2 2 2 1 1 1 1 3 3 3 3 3 3 3 3 3 3 3 3 3 3 3 3 3 3 3 3 3 3 3 3 3 3 3 3 3 3 3 3 3 3 3 3 2 2 1 1 1 1 1 2 3 1 2 3 1
1 1 2 2 2 1 1 1 1 1 2 3 1 2 3 1 2 3 1 2 3 3 3 3 3 3 1 1 1 1 1 1 1 1 1 1 1 2 2 2 2 2 2 2 2 4 4 4 4 4
1 2 3 3 2 1 3 2 1 3 3 3 3 3 3 3 1 1 1 1 1 2 2 2 2 2 2 3 3 3 3 2 2 2 2 2 2 1 1 1 1 1 1 1 1
1 2 2 1 1 1 1 1 1 1 1 3 4 4 4 4 4 4 4 4 4 4 4 4 4 4
2 6 7 8 9 4 4 6 7 49 49 49 49 49 49 49 49 4 45 45 45 45 10 10 10 10 10 11 11
#END OF SIMULATION DATA (needs this additional line as comment)